angle_min: 0.0
angle_max: 6.28318977355957
angle_increment: 0.017501922324299812
range_min: 0.11999999731779099
range_max: 3.5
laser_num: 360
